### Size of class in NTU, College of Social Sciences 
class101 <- c(5,9,5,17)
class301 <- c(8,7)
class302 <- c(8,7)
class305 <- c(4,4,7)
class306 <- c(4,4,7)
class403 <- c(2,6,2,14)
class502 <- c(2,6,2,14)
